|  Loan: 90000  |  Years: 25  |  Interest: 18000  |  Monthly Payment: 360  |
============================================================================
|    Payment    |  Interest   |     Principal     |      Left to Pay       |
============================================================================
|       1       |     135     |        225        |        108,000         |
|       2       |     135     |        225        |        107,640         |
|       3       |     134     |        226        |        107,280         |
|       4       |     134     |        226        |        106,920         |
|       5       |     133     |        227        |        106,560         |
|       6       |     133     |        227        |        106,200         |
|       7       |     132     |        228        |        105,840         |
|       8       |     132     |        228        |        105,480         |
|       9       |     131     |        229        |        105,120         |
|      10       |     131     |        229        |        104,760         |
|      11       |     130     |        230        |        104,400         |
|      12       |     130     |        230        |        104,040         |
|      13       |     130     |        230        |        103,680         |
|      14       |     129     |        231        |        103,320         |
|      15       |     129     |        231        |        102,960         |
|      16       |     128     |        232        |        102,600         |
|      17       |     128     |        232        |        102,240         |
|      18       |     127     |        233        |        101,880         |
|      19       |     127     |        233        |        101,520         |
|      20       |     126     |        234        |        101,160         |
|      21       |     126     |        234        |        100,800         |
|      22       |     126     |        234        |        100,440         |
|      23       |     125     |        235        |        100,080         |
|      24       |     125     |        235        |         99,720         |
|      25       |     124     |        236        |         99,360         |
|      26       |     124     |        236        |         99,000         |
|      27       |     123     |        237        |         98,640         |
|      28       |     123     |        237        |         98,280         |
|      29       |     122     |        238        |         97,920         |
|      30       |     122     |        238        |         97,560         |
|      31       |     122     |        238        |         97,200         |
|      32       |     121     |        239        |         96,840         |
|      33       |     121     |        239        |         96,480         |
|      34       |     120     |        240        |         96,120         |
|      35       |     120     |        240        |         95,760         |
|      36       |     119     |        241        |         95,400         |
|      37       |     119     |        241        |         95,040         |
|      38       |     118     |        242        |         94,680         |
|      39       |     118     |        242        |         94,320         |
|      40       |     117     |        243        |         93,960         |
|      41       |     117     |        243        |         93,600         |
|      42       |     117     |        243        |         93,240         |
|      43       |     116     |        244        |         92,880         |
|      44       |     116     |        244        |         92,520         |
|      45       |     115     |        245        |         92,160         |
|      46       |     115     |        245        |         91,800         |
|      47       |     114     |        246        |         91,440         |
|      48       |     114     |        246        |         91,080         |
|      49       |     113     |        247        |         90,720         |
|      50       |     113     |        247        |         90,360         |
|      51       |     112     |        248        |         90,000         |
|      52       |     112     |        248        |         89,640         |
|      53       |     112     |        248        |         89,280         |
|      54       |     111     |        249        |         88,920         |
|      55       |     111     |        249        |         88,560         |
|      56       |     110     |        250        |         88,200         |
|      57       |     110     |        250        |         87,840         |
|      58       |     109     |        251        |         87,480         |
|      59       |     109     |        251        |         87,120         |
|      60       |     108     |        252        |         86,760         |
|      61       |     108     |        252        |         86,400         |
|      62       |     108     |        252        |         86,040         |
|      63       |     107     |        253        |         85,680         |
|      64       |     107     |        253        |         85,320         |
|      65       |     106     |        254        |         84,960         |
|      66       |     106     |        254        |         84,600         |
|      67       |     105     |        255        |         84,240         |
|      68       |     105     |        255        |         83,880         |
|      69       |     104     |        256        |         83,520         |
|      70       |     104     |        256        |         83,160         |
|      71       |     104     |        256        |         82,800         |
|      72       |     103     |        257        |         82,440         |
|      73       |     103     |        257        |         82,080         |
|      74       |     102     |        258        |         81,720         |
|      75       |     102     |        258        |         81,360         |
|      76       |     101     |        259        |         81,000         |
|      77       |     101     |        259        |         80,640         |
|      78       |     100     |        260        |         80,280         |
|      79       |     100     |        260        |         79,920         |
|      80       |     99      |        261        |         79,560         |
|      81       |     99      |        261        |         79,200         |
|      82       |     99      |        261        |         78,840         |
|      83       |     98      |        262        |         78,480         |
|      84       |     98      |        262        |         78,120         |
|      85       |     97      |        263        |         77,760         |
|      86       |     97      |        263        |         77,400         |
|      87       |     96      |        264        |         77,040         |
|      88       |     96      |        264        |         76,680         |
|      89       |     95      |        265        |         76,320         |
|      90       |     95      |        265        |         75,960         |
|      91       |     94      |        266        |         75,600         |
|      92       |     94      |        266        |         75,240         |
|      93       |     94      |        266        |         74,880         |
|      94       |     93      |        267        |         74,520         |
|      95       |     93      |        267        |         74,160         |
|      96       |     92      |        268        |         73,800         |
|      97       |     92      |        268        |         73,440         |
|      98       |     91      |        269        |         73,080         |
|      99       |     91      |        269        |         72,720         |
|      100      |     90      |        270        |         72,360         |
|      101      |     90      |        270        |         72,000         |
|      102      |     90      |        270        |         71,640         |
|      103      |     89      |        271        |         71,280         |
|      104      |     89      |        271        |         70,920         |
|      105      |     88      |        272        |         70,560         |
|      106      |     88      |        272        |         70,200         |
|      107      |     87      |        273        |         69,840         |
|      108      |     87      |        273        |         69,480         |
|      109      |     86      |        274        |         69,120         |
|      110      |     86      |        274        |         68,760         |
|      111      |     86      |        274        |         68,400         |
|      112      |     85      |        275        |         68,040         |
|      113      |     85      |        275        |         67,680         |
|      114      |     84      |        276        |         67,320         |
|      115      |     84      |        276        |         66,960         |
|      116      |     83      |        277        |         66,600         |
|      117      |     83      |        277        |         66,240         |
|      118      |     82      |        278        |         65,880         |
|      119      |     82      |        278        |         65,520         |
|      120      |     81      |        279        |         65,160         |
|      121      |     81      |        279        |         64,800         |
|      122      |     81      |        279        |         64,440         |
|      123      |     80      |        280        |         64,080         |
|      124      |     80      |        280        |         63,720         |
|      125      |     79      |        281        |         63,360         |
|      126      |     79      |        281        |         63,000         |
|      127      |     78      |        282        |         62,640         |
|      128      |     78      |        282        |         62,280         |
|      129      |     77      |        283        |         61,920         |
|      130      |     77      |        283        |         61,560         |
|      131      |     76      |        284        |         61,200         |
|      132      |     76      |        284        |         60,840         |
|      133      |     76      |        284        |         60,480         |
|      134      |     75      |        285        |         60,120         |
|      135      |     75      |        285        |         59,760         |
|      136      |     74      |        286        |         59,400         |
|      137      |     74      |        286        |         59,040         |
|      138      |     73      |        287        |         58,680         |
|      139      |     73      |        287        |         58,320         |
|      140      |     72      |        288        |         57,960         |
|      141      |     72      |        288        |         57,600         |
|      142      |     72      |        288        |         57,240         |
|      143      |     71      |        289        |         56,880         |
|      144      |     71      |        289        |         56,520         |
|      145      |     70      |        290        |         56,160         |
|      146      |     70      |        290        |         55,800         |
|      147      |     69      |        291        |         55,440         |
|      148      |     69      |        291        |         55,080         |
|      149      |     68      |        292        |         54,720         |
|      150      |     68      |        292        |         54,360         |
|      151      |     68      |        292        |         54,000         |
|      152      |     67      |        293        |         53,640         |
|      153      |     67      |        293        |         53,280         |
|      154      |     66      |        294        |         52,920         |
|      155      |     66      |        294        |         52,560         |
|      156      |     65      |        295        |         52,200         |
|      157      |     65      |        295        |         51,840         |
|      158      |     64      |        296        |         51,480         |
|      159      |     64      |        296        |         51,120         |
|      160      |     63      |        297        |         50,760         |
|      161      |     63      |        297        |         50,400         |
|      162      |     63      |        297        |         50,040         |
|      163      |     62      |        298        |         49,680         |
|      164      |     62      |        298        |         49,320         |
|      165      |     61      |        299        |         48,960         |
|      166      |     61      |        299        |         48,600         |
|      167      |     60      |        300        |         48,240         |
|      168      |     60      |        300        |         47,880         |
|      169      |     59      |        301        |         47,520         |
|      170      |     59      |        301        |         47,160         |
|      171      |     58      |        302        |         46,800         |
|      172      |     58      |        302        |         46,440         |
|      173      |     58      |        302        |         46,080         |
|      174      |     57      |        303        |         45,720         |
|      175      |     57      |        303        |         45,360         |
|      176      |     56      |        304        |         45,000         |
|      177      |     56      |        304        |         44,640         |
|      178      |     55      |        305        |         44,280         |
|      179      |     55      |        305        |         43,920         |
|      180      |     54      |        306        |         43,560         |
|      181      |     54      |        306        |         43,200         |
|      182      |     54      |        306        |         42,840         |
|      183      |     53      |        307        |         42,480         |
|      184      |     53      |        307        |         42,120         |
|      185      |     52      |        308        |         41,760         |
|      186      |     52      |        308        |         41,400         |
|      187      |     51      |        309        |         41,040         |
|      188      |     51      |        309        |         40,680         |
|      189      |     50      |        310        |         40,320         |
|      190      |     50      |        310        |         39,960         |
|      191      |     50      |        310        |         39,600         |
|      192      |     49      |        311        |         39,240         |
|      193      |     49      |        311        |         38,880         |
|      194      |     48      |        312        |         38,520         |
|      195      |     48      |        312        |         38,160         |
|      196      |     47      |        313        |         37,800         |
|      197      |     47      |        313        |         37,440         |
|      198      |     46      |        314        |         37,080         |
|      199      |     46      |        314        |         36,720         |
|      200      |     45      |        315        |         36,360         |
|      201      |     45      |        315        |         36,000         |
|      202      |     45      |        315        |         35,640         |
|      203      |     44      |        316        |         35,280         |
|      204      |     44      |        316        |         34,920         |
|      205      |     43      |        317        |         34,560         |
|      206      |     43      |        317        |         34,200         |
|      207      |     42      |        318        |         33,840         |
|      208      |     42      |        318        |         33,480         |
|      209      |     41      |        319        |         33,120         |
|      210      |     41      |        319        |         32,760         |
|      211      |     40      |        320        |         32,400         |
|      212      |     40      |        320        |         32,040         |
|      213      |     40      |        320        |         31,680         |
|      214      |     39      |        321        |         31,320         |
|      215      |     39      |        321        |         30,960         |
|      216      |     38      |        322        |         30,600         |
|      217      |     38      |        322        |         30,240         |
|      218      |     37      |        323        |         29,880         |
|      219      |     37      |        323        |         29,520         |
|      220      |     36      |        324        |         29,160         |
|      221      |     36      |        324        |         28,800         |
|      222      |     36      |        324        |         28,440         |
|      223      |     35      |        325        |         28,080         |
|      224      |     35      |        325        |         27,720         |
|      225      |     34      |        326        |         27,360         |
|      226      |     34      |        326        |         27,000         |
|      227      |     33      |        327        |         26,640         |
|      228      |     33      |        327        |         26,280         |
|      229      |     32      |        328        |         25,920         |
|      230      |     32      |        328        |         25,560         |
|      231      |     32      |        328        |         25,200         |
|      232      |     31      |        329        |         24,840         |
|      233      |     31      |        329        |         24,480         |
|      234      |     30      |        330        |         24,120         |
|      235      |     30      |        330        |         23,760         |
|      236      |     29      |        331        |         23,400         |
|      237      |     29      |        331        |         23,040         |
|      238      |     28      |        332        |         22,680         |
|      239      |     28      |        332        |         22,320         |
|      240      |     27      |        333        |         21,960         |
|      241      |     27      |        333        |         21,600         |
|      242      |     27      |        333        |         21,240         |
|      243      |     26      |        334        |         20,880         |
|      244      |     26      |        334        |         20,520         |
|      245      |     25      |        335        |         20,160         |
|      246      |     25      |        335        |         19,800         |
|      247      |     24      |        336        |         19,440         |
|      248      |     24      |        336        |         19,080         |
|      249      |     23      |        337        |         18,720         |
|      250      |     23      |        337        |         18,360         |
|      251      |     22      |        338        |         18,000         |
|      252      |     22      |        338        |         17,640         |
|      253      |     22      |        338        |         17,280         |
|      254      |     21      |        339        |         16,920         |
|      255      |     21      |        339        |         16,560         |
|      256      |     20      |        340        |         16,200         |
|      257      |     20      |        340        |         15,840         |
|      258      |     19      |        341        |         15,480         |
|      259      |     19      |        341        |         15,120         |
|      260      |     18      |        342        |         14,760         |
|      261      |     18      |        342        |         14,400         |
|      262      |     18      |        342        |         14,040         |
|      263      |     17      |        343        |         13,680         |
|      264      |     17      |        343        |         13,320         |
|      265      |     16      |        344        |         12,960         |
|      266      |     16      |        344        |         12,600         |
|      267      |     15      |        345        |         12,240         |
|      268      |     15      |        345        |         11,880         |
|      269      |     14      |        346        |         11,520         |
|      270      |     14      |        346        |         11,160         |
|      271      |     14      |        346        |         10,800         |
|      272      |     13      |        347        |         10,440         |
|      273      |     13      |        347        |         10,080         |
|      274      |     12      |        348        |         9,720          |
|      275      |     12      |        348        |         9,360          |
|      276      |     11      |        349        |         9,000          |
|      277      |     11      |        349        |         8,640          |
|      278      |     10      |        350        |         8,280          |
|      279      |     10      |        350        |         7,920          |
|      280      |      9      |        351        |         7,560          |
|      281      |      9      |        351        |         7,200          |
|      282      |      9      |        351        |         6,840          |
|      283      |      8      |        352        |         6,480          |
|      284      |      8      |        352        |         6,120          |
|      285      |      7      |        353        |         5,760          |
|      286      |      7      |        353        |         5,400          |
|      287      |      6      |        354        |         5,040          |
|      288      |      6      |        354        |         4,680          |
|      289      |      5      |        355        |         4,320          |
|      290      |      5      |        355        |         3,960          |
|      291      |      4      |        356        |         3,600          |
|      292      |      4      |        356        |         3,240          |
|      293      |      4      |        356        |         2,880          |
|      294      |      3      |        357        |         2,520          |
|      295      |      3      |        357        |         2,160          |
|      296      |      2      |        358        |         1,800          |
|      297      |      2      |        358        |         1,440          |
|      298      |      1      |        359        |         1,080          |
|      299      |      1      |        359        |          720           |
|      300      |      0      |        360        |          360           |