=========================================================================
|  Loan: 20000  |  Years: 2  |  Interest: 832  |  Monthly Payment: 868  |
=========================================================================
|    Payment    |  Interest  |    Principal    |      Left to Pay       |
=========================================================================
|       1       |     69     |       799       |         20832          |
|       2       |     67     |       801       |         19964          |
|       3       |     64     |       804       |         19096          |
|       4       |     61     |       807       |         18228          |
|       5       |     58     |       810       |         17360          |
|       6       |     55     |       813       |         16492          |
|       7       |     52     |       816       |         15624          |
|       8       |     49     |       819       |         14756          |
|       9       |     46     |       822       |         13888          |
|      10       |     43     |       825       |         13020          |
|      11       |     41     |       827       |         12152          |
|      12       |     38     |       830       |         11284          |
|      13       |     35     |       833       |         10416          |
|      14       |     32     |       836       |          9548          |
|      15       |     29     |       839       |          8680          |
|      16       |     26     |       842       |          7812          |
|      17       |     23     |       845       |          6944          |
|      18       |     20     |       848       |          6076          |
|      19       |     17     |       851       |          5208          |
|      20       |     14     |       854       |          4340          |
|      21       |     12     |       856       |          3472          |
|      22       |     9      |       859       |          2604          |
|      23       |     6      |       862       |          1736          |
|      24       |     3      |       865       |          868           |